speed N,ft,qx,qy,qyaw,qvel,racc,rsteer,uacc,usteer MSE

IMS
5 6 1 0.5 0.5 0.8 0.1 0.001 0.001 1 1 0.060688
8 6 1 0.6 0.6 0.8 0.1 0.001 0.001 1 1 0.16135
10 6 1 0.6 0.6 0.9 0.1 0.001 0.001 1 1 0.29899
12 6 1 0.6 0.6 0.9 0.1 0.001 0.001 1 1 0.59750139

Silverstone
5 4 1.5 2 2 0.2 0.3 1 1 1 1 0.37379470
6 4 1.5 2 2 0.2 0.3 1 1 1 1 0.5824611
7 4 1.5 2 2 0.2 0.3 1 1 1 1 2.2328130

Monza
5
6
7 5 1 10 10 10 0 0.5 0.5 0.01 0.01 0.4854123
8 5 1 10 10 10 0 0.5 0.5 0 0 0.7505372400546538
9 5 1 10 10 10 0 0.5 0.5 0.01 0.01 1.19666
10 5 1 25 25 20 3 3 3 1 3.9163979
12 5 1 25 25 20 5 3 3 1 1 16.88057576

Osch
5 4 1 0.5 0.5 0.5 0.01 0.05 0.05 1 1 0.3917768
6 4 1 0.5 0.5 0.5 0.01 0.05 0.05 1 1 1.370729
6 4 1 0.8 0.8 0.2 0.01 0.1 0.1 1 1 1.422012
7 4 1 60 60 60 60 0.005 0.005 0 0 4.5209280


OSCH feasible

4 1.5 2 2 2 0.01 0.1 0.1 0 0 1